{
 "cells": [
  {
   "cell_type": "code",
   "execution_count": 1,
   "metadata": {
    "scrolled": false
   },
   "outputs": [
    {
     "data": {
      "text/plain": [
       "draw (generic function with 8 methods)"
      ]
     },
     "execution_count": 1,
     "metadata": {},
     "output_type": "execute_result"
    }
   ],
   "source": [
    "include(\"../scripts/kf.jl\")"
   ]
  },
  {
   "cell_type": "code",
   "execution_count": 2,
   "metadata": {},
   "outputs": [
    {
     "data": {
      "text/plain": [
       "make_ax (generic function with 1 method)"
      ]
     },
     "execution_count": 2,
     "metadata": {},
     "output_type": "execute_result"
    }
   ],
   "source": [
    "function make_ax()\n",
    "    fig, ax = subplots()\n",
    "    ax.set_aspect(\"equal\")\n",
    "    ax.set_xlim(-5,5)\n",
    "    ax.set_ylim(-5,5)\n",
    "    ax.set_xlabel(\"X\", fontsize=20)\n",
    "    ax.set_ylabel(\"Y\", fontsize=20)\n",
    "    return ax\n",
    "end"
   ]
  },
  {
   "cell_type": "code",
   "execution_count": 3,
   "metadata": {},
   "outputs": [
    {
     "data": {
      "text/plain": [
       "draw_trajectory (generic function with 1 method)"
      ]
     },
     "execution_count": 3,
     "metadata": {},
     "output_type": "execute_result"
    }
   ],
   "source": [
    "function draw_trajectory(xs, ax)\n",
    "    poses = [xs[s] for s in 1:length(xs)]\n",
    "    ax.scatter([e[1] for e in poses], [e[2] for e in poses], s=5, marker=\".\", color=\"black\")\n",
    "    ax.plot([e[1] for e in poses], [e[2] for e in poses], linewidth=0.5, color=\"black\")\n",
    "end"
   ]
  },
  {
   "cell_type": "code",
   "execution_count": 4,
   "metadata": {},
   "outputs": [
    {
     "data": {
      "text/plain": [
       "draw_observations (generic function with 1 method)"
      ]
     },
     "execution_count": 4,
     "metadata": {},
     "output_type": "execute_result"
    }
   ],
   "source": [
    "function draw_observations(xs, zlist, ax)\n",
    "    for s in 1:length(xs)\n",
    "        if !haskey(zlist, s)\n",
    "            continue\n",
    "        end\n",
    "        for obs in zlist[s]\n",
    "            x,y,theta = xs[s]\n",
    "            ell,phi = obs[2][1], obs[2][2]\n",
    "            mx = x + ell*cos(theta+phi)\n",
    "            my = y + ell*sin(theta+phi)\n",
    "            ax.plot([x,mx],[y,my], color=\"pink\", alpha=0.5)\n",
    "        end\n",
    "    end\n",
    "end"
   ]
  },
  {
   "cell_type": "code",
   "execution_count": 5,
   "metadata": {},
   "outputs": [
    {
     "data": {
      "text/plain": [
       "read_data (generic function with 1 method)"
      ]
     },
     "execution_count": 5,
     "metadata": {},
     "output_type": "execute_result"
    }
   ],
   "source": [
    "function read_data()\n",
    "    f = open(\"log_for_book.txt\", \"r\")\n",
    "    lines = readlines(f)\n",
    "    hat_xs = Dict()\n",
    "    zlist = Dict()\n",
    "    for line in lines\n",
    "        tmp = split(line)\n",
    "        step = parse(Int, tmp[2]) + 1#for 1-indexed\n",
    "        if tmp[1] == \"x\"\n",
    "            hat_xs[step] = [parse(Float64, tmp[3]), \n",
    "                parse(Float64, tmp[4]), parse(Float64, tmp[5])]\n",
    "        elseif tmp[1] == \"z\"\n",
    "            if !haskey(zlist, step)\n",
    "                zlist[step] = []\n",
    "            end\n",
    "            push!(zlist[step], (parse(Int, tmp[3]), [parse(Float64, tmp[4]), \n",
    "                parse(Float64, tmp[5]), parse(Float64, tmp[6])]))\n",
    "        end\n",
    "    end\n",
    "    return hat_xs, zlist\n",
    "end"
   ]
  },
  {
   "cell_type": "code",
   "execution_count": 6,
   "metadata": {},
   "outputs": [],
   "source": [
    "mutable struct ObsEdge\n",
    "    t1\n",
    "    t2\n",
    "    x1\n",
    "    x2\n",
    "    z1\n",
    "    z2\n",
    "    Omega\n",
    "end"
   ]
  },
  {
   "cell_type": "code",
   "execution_count": 12,
   "metadata": {},
   "outputs": [
    {
     "data": {
      "text/plain": [
       "ObsEdge_ (generic function with 2 methods)"
      ]
     },
     "execution_count": 12,
     "metadata": {},
     "output_type": "execute_result"
    }
   ],
   "source": [
    "function ObsEdge_(t1,t2,z1,z2,xs, sensor_noise_rate=[0.14, 0.05, 0.05])\n",
    "    @assert z1[1] == z2[1]\n",
    "    self = ObsEdge(ntuple(x->nothing, fieldcount(ObsEdge))...)\n",
    "    self.t1, self.t2 = t1, t2\n",
    "    self.x1, self.x2 = xs[t1], xs[t2]\n",
    "    self.z1, self.z2 = z1[2], z2[2]\n",
    "    \n",
    "    s1 = sin(self.x1[3] + self.z1[2])\n",
    "    c1 = cos(self.x1[3] + self.z1[2])\n",
    "    s2 = sin(self.x2[3] + self.z2[2])\n",
    "    c2 = cos(self.x2[3] + self.z2[2])\n",
    "    \n",
    "    hat_e = self.x2 - self.x1 + [self.z2[1]*c2 - self.z1[1]*c1, \n",
    "        self.z2[1]*s2 - self.z1[1]*s1, \n",
    "        self.z2[2] - self.z2[3] - self.z1[2] + self.z1[3]]\n",
    "    \n",
    "    while hat_e[3] >= pi\n",
    "        hat_e[3] -= 2*pi\n",
    "    end\n",
    "    while hat_e[3] < -pi\n",
    "        hat_e[3] += 2*pi\n",
    "    end\n",
    "    \n",
    "    Q1 = Diagonal([(self.z1[1]*sensor_noise_rate[1])^2, sensor_noise_rate[2]^2, \n",
    "            sensor_noise_rate[3]^2])\n",
    "    R1 = -[c1 -self.z1[1]*s1 0;\n",
    "                s1 self.z1[1]*c1 0;\n",
    "                0 1 -1]\n",
    "    \n",
    "    Q2 = Diagonal([(self.z2[1]*sensor_noise_rate[1])^2, sensor_noise_rate[2]^2, \n",
    "            sensor_noise_rate[3]^2])\n",
    "    R2 = [c2 self.z2[1]*s2 0;\n",
    "                s2 self.z2[1]*c2 0;\n",
    "                0 1 -1]\n",
    "    Sigma = R1* Q1 * R1' + R2*Q2*R2'\n",
    "    self.Omega = inv(Sigma)\n",
    "    println(Sigma)\n",
    "    \n",
    "    return self\n",
    "end"
   ]
  },
  {
   "cell_type": "code",
   "execution_count": 17,
   "metadata": {},
   "outputs": [
    {
     "data": {
      "text/plain": [
       "make_edges (generic function with 1 method)"
      ]
     },
     "execution_count": 17,
     "metadata": {},
     "output_type": "execute_result"
    }
   ],
   "source": [
    "function make_edges(hat_xs, zlist)\n",
    "    landmark_keys_zlist = Dict()\n",
    "    for step in keys(zlist)\n",
    "        for z in zlist[step]\n",
    "            landmark_id = z[1]\n",
    "            if !haskey(landmark_keys_zlist,landmark_id)\n",
    "                landmark_keys_zlist[landmark_id] = []\n",
    "            end\n",
    "            push!(landmark_keys_zlist[landmark_id],(step,z))\n",
    "        end\n",
    "    end\n",
    "\n",
    "    edges = []\n",
    "    for landmark_id in keys(landmark_keys_zlist)\n",
    "        for i in 1:length(landmark_keys_zlist[landmark_id])\n",
    "            for j in i+1:length(landmark_keys_zlist[landmark_id])\n",
    "                xz1 = landmark_keys_zlist[landmark_id][i]\n",
    "                xz2 = landmark_keys_zlist[landmark_id][j]\n",
    "                push!(edges, ObsEdge_(xz1[1], xz2[1], xz1[2], xz2[2], hat_xs))\n",
    "            end\n",
    "        end\n",
    "    end\n",
    "    return edges\n",
    "end"
   ]
  },
  {
   "cell_type": "code",
   "execution_count": 14,
   "metadata": {},
   "outputs": [
    {
     "data": {
      "text/plain": [
       "draw_edges (generic function with 1 method)"
      ]
     },
     "execution_count": 14,
     "metadata": {},
     "output_type": "execute_result"
    }
   ],
   "source": [
    "function draw_edges(edges, ax)\n",
    "    for e in edges\n",
    "        ax.plot([e.x1[1], e.x2[1]], [e.x1[2], e.x2[2]], color=\"red\", alpha=0.5)\n",
    "    end\n",
    "end"
   ]
  },
  {
   "cell_type": "code",
   "execution_count": 15,
   "metadata": {},
   "outputs": [
    {
     "data": {
      "text/plain": [
       "draw (generic function with 9 methods)"
      ]
     },
     "execution_count": 15,
     "metadata": {},
     "output_type": "execute_result"
    }
   ],
   "source": [
    "function draw(xs, zlist, edges)\n",
    "    ax = make_ax()\n",
    "    draw_observations(xs, zlist, ax)\n",
    "    draw_edges(edges, ax)\n",
    "    draw_trajectory(xs, ax)\n",
    "end"
   ]
  },
  {
   "cell_type": "code",
   "execution_count": 16,
   "metadata": {
    "scrolled": true
   },
   "outputs": [
    {
     "name": "stdout",
     "output_type": "stream",
     "text": [
      "[0.45328776555204253 -0.2171074379035911 -0.011141449139377937; -0.2171074379035911 0.31454144201086953 0.004614939338020325; -0.011141449139377937 0.004614939338020325 0.010000000000000002]\n",
      "[0.23580175378232515 0.024785229638306427 0.00038955574776361815; 0.024785229638306427 0.5320274537805868 -0.0006747303475070692; 0.00038955574776361815 -0.0006747303475070692 0.010000000000000002]\n",
      "[0.33056725510179175 -0.3252391718781462 -0.015910095999679363; -0.3252391718781462 0.4372619524611202 0.0020946038752129494; -0.015910095999679363 0.0020946038752129494 0.010000000000000002]\n",
      "[0.403136835317611 -0.29242217164245765 -0.013691676798746989; -0.29242217164245765 0.364692372245301 0.003668673741252124; -0.013691676798746989 0.003668673741252124 0.010000000000000002]\n",
      "[0.18565082354789433 -0.05052950410056077 0.001335821344531805; -0.05052950410056077 0.5821783840150178 -0.0032249580068761247; 0.001335821344531805 -0.0032249580068761247 0.010000000000000002]\n",
      "[0.46758214454910085 -0.11947549274504089 -0.008433206822107738; -0.11947549274504089 0.3002470630138112 0.004868914228875635; -0.008433206822107738 0.004868914228875635 0.010000000000000002]\n",
      "[0.3305672551017945 -0.32523917187814594 -0.0017354291400632476; -0.32523917187814594 0.43726195246111743 -0.013181893027978488; -0.0017354291400632476 -0.013181893027978488 0.010000000000000002]\n",
      "[0.19674878409971952 -0.24195020497663317 0.00113417245123105; -0.24195020497663317 0.5710804234631925 -0.008614895060977797; 0.00113417245123105 -0.008614895060977797 0.010000000000000002]\n",
      "[0.3083713339981441 0.057602229873996075 -0.001184514118275545; 0.057602229873996075 0.45945787356476797 0.0015436888534253145; -0.001184514118275545 0.0015436888534253145 0.010000000000000002]\n",
      "[0.3839146037814569 0.03912820789534302 -0.003279117993488563; 0.03912820789534299 0.38391460378145514 0.0032791179934885525; -0.003279117993488563 0.0032791179934885525 0.010000000000000002]\n",
      "[0.6826743044398442 0.15662033774164844 0.0140163390213285; 0.15662033774164838 0.5551755134736767 0.018266448646939465; 0.0140163390213285 0.018266448646939465 0.010000000000000002]\n",
      "[0.9072730600149904 -0.3660173481167912 -0.006305096315126568; -0.3660173481167912 0.33057675789853036 0.02353093979466769; -0.006305096315126568 0.02353093979466769 0.010000000000000002]\n",
      "[1.0156300697074458 -0.288239493179924 -0.003328519024914674; -0.28823949317992403 0.2222197482060749 0.025282612072779577; -0.003328519024914674 0.025282612072779577 0.010000000000000002]\n",
      "[0.6189249089567597 0.019242566584539586 0.014937929622024872; 0.0192425665845396 0.6189249089567611 0.014937929622024787; 0.014937929622024872 0.014937929622024787 0.010000000000000002]\n",
      "[1.0814396474265826 0.009305702514998002 0.0034536276887072886; 0.009305702514997988 0.15641017048693837 0.02623290672031987; 0.0034536276887072886 0.02623290672031987 0.010000000000000002]\n",
      "[0.9072730600149947 -0.36601734811678965 0.009976752885700223; -0.36601734811678965 0.3305767578985259 0.002673262878808194; 0.009976752885700223 0.002673262878808194 0.010000000000000002]\n",
      "[0.6770457818981078 -0.2809652038131163 0.014100495028503409; -0.2809652038131163 0.5608040360154131 0.00814092460041333; 0.014100495028503409 0.00814092460041333 0.010000000000000002]\n",
      "[0.791031314132299 0.23439819267851716 0.012264666743216631; 0.2343981926785171 0.4468185037812218 0.02124302593715137; 0.012264666743216631 0.02124302593715137 0.010000000000000002]\n",
      "[0.9149617647927797 0.23173561797578682 0.00980228635866728; 0.23173561797578682 0.3228880531207412 0.023664812669359107; 0.00980228635866728 0.023664812669359107 0.010000000000000002]\n",
      "[0.2093096528454688 -0.055243653041239044 -0.012749857648619361; -0.05524365304123907 0.29183829619833224 0.009783309866675551; -0.012749857648619361 0.009783309866675551 0.010000000000000002]\n",
      "[0.2505739745218998 -0.018340088154145118 -0.01080342079911829; -0.018340088154145118 0.2505739745219012 0.01080342079911823; -0.01080342079911829 0.01080342079911823 0.010000000000000002]\n",
      "[0.08128461768279191 0.08516191004111323 0.00048157656858596916; 0.0851619100411132 0.4198633313610091 0.00365793720142895; 0.00048157656858596916 0.00365793720142895 0.010000000000000002]\n",
      "[0.2679361295568503 0.10492113465175207 -0.006463563814759606; 0.10492113465175204 0.23321181948695074 0.011195220925127269; -0.006463563814759606 0.011195220925127269 0.010000000000000002]\n",
      "[0.2093096528454704 -0.05524365304123831 -0.0030549089885809717; -0.05524365304123832 0.2918382961983307 -0.003981234905639373; -0.0030549089885809717 -0.003981234905639373 0.010000000000000002]\n",
      "[0.11393558452054495 -0.0328048444872987 -0.00026321121153184603; -0.032804844487298715 0.3872123645232561 -0.0006354480766488312; -0.00026321121153184603 -0.0006354480766488312 0.010000000000000002]\n",
      "[0.14400771916996452 0.18068985601558396 -0.0010201109324426702; 0.18068985601558396 0.3571402298738365 0.007748511810537297; -0.0010201109324426702 0.007748511810537297 0.010000000000000002]\n",
      "[0.19402084104266648 0.18598432429307032 -0.0025092373545090923; 0.1859843242930703 0.30712710800113463 0.009364601295277662; -0.0025092373545090923 0.009364601295277662 0.010000000000000002]\n",
      "[1.3683156271971284 0.2715080539900678 0.0038750371153216884; 0.27150805399006783 0.24437311683776242 0.029433829105667355; 0.0038750371153216884 0.029433829105667355 0.010000000000000002]\n",
      "[0.9904694063425237 -0.33526445188406295 0.01183918768813792; -0.33526445188406306 0.622219337692367 0.006835358198732891; 0.01183918768813792 0.006835358198732891 0.010000000000000002]\n",
      "[1.0829470031309096 0.43437973851172007 0.010424341031332628; 0.43437973851172007 0.5297417409039812 0.025166585496645598; 0.010424341031332628 0.025166585496645598 0.010000000000000002]\n",
      "[1.4266402149047224 0.07689914508438575 -0.0016261918104886306; 0.07689914508438575 0.18604852913016848 6.938893903907228e-18; -0.0016261918104886306 6.938893903907228e-18 0.010000000000000002]\n",
      "[1.3006173277861643 -0.291910597129854 0.0060222622934885854; -0.291910597129854 0.31207141624872636 0.0016136603181486353; 0.0060222622934885854 0.0016136603181486353 0.010000000000000002]\n",
      "[0.8063443720174457 -0.009808564424032225 0.014265943911530897; -0.009808564424032232 0.8063443720174451 0.01426594391153082; 0.014265943911530897 0.01426594391153082 0.010000000000000002]\n",
      "[0.8311236693948635 0.19641697485182275 0.013962582795192153; 0.19641697485182277 0.7815650746400272 0.01819639216909039; 0.013962582795192153 0.01819639216909039 0.010000000000000002]\n",
      "[0.6233608323213137 -0.14815437669618745 0.012587512696283963; -0.14815437669618742 0.5638656794979826 0.00965873820338644; 0.012587512696283963 0.00965873820338644 0.010000000000000002]\n",
      "[0.939848797719856 0.2536761590587229 0.006486009256637438; 0.2536761590587229 0.24737771409944043 0.024206116084132992; 0.006486009256637438 0.024206116084132992 0.010000000000000002]\n",
      "[1.0211206878785621 -0.15271758028135538 0.0034664680081038335; -0.15271758028135538 0.16610582394073423 0.0004563691710736551; 0.0034664680081038335 0.0004563691710736551 0.010000000000000002]\n",
      "[0.8212215046114248 -0.29883344600051387 0.00925987402752458; -0.29883344600051387 0.36600500720787155 0.0038355654080670046; 0.00925987402752458 0.0038355654080670046 0.010000000000000002]\n",
      "[0.625399343298342 0.14864055832729522 0.012557745920385291; 0.14864055832729522 0.5618271685209544 0.01636557310913915; 0.012557745920385291 0.01636557310913915 0.010000000000000002]\n",
      "[0.7102020380410496 0.2563107258769894 0.011249505987885908; 0.25631072587698933 0.4770244737782467 0.019484715931068566; 0.011249505987885908 0.019484715931068566 0.010000000000000002]\n",
      "[0.269882638606793 0.012513355943801777 -0.009353410887639944; 0.012513355943801777 0.19601456654177402 0.012189602391381485; -0.009353410887639944 0.012189602391381485 0.010000000000000002]\n",
      "[0.14356560587396117 -0.00942663568248292 0.0005199431733104269; -0.009426635682482906 0.32233159927460586 0.0009005679932222429; 0.0005199431733104269 0.0009005679932222429 0.010000000000000002]\n",
      "[0.10885302923214722 0.09806114587594282 0.0013451557991526995; 0.09806114587594283 0.3570441759164198 0.005020189786533742; 0.0013451557991526995 0.005020189786533742 0.010000000000000002]\n",
      "[0.25290644599098017 0.17576519356927742 -0.0031550908140706344; 0.17576519356927744 0.2129907591575868 0.011774959220605473; -0.0031550908140706344 0.011774959220605473 0.010000000000000002]\n",
      "[0.2814053048758679 0.12803173179626737 -0.0051605810591099895; 0.12803173179626737 0.18449190027269913 0.012458744782629065; -0.0051605810591099895 0.012458744782629065 0.010000000000000002]\n",
      "[0.360426978994664 -0.22201109867024627 0.012772377982677116; -0.22201109867024627 0.3444978497109664 0.005290492184180294; 0.012772377982677116 0.005290492184180294 0.010000000000000002]\n",
      "[0.319724656140134 -0.0538138899131585 0.0135526319202774; -0.053813889913158504 0.38520017256549643 0.01039930023057386; 0.0135526319202774 0.01039930023057386 0.010000000000000002]\n",
      "[0.545139882498556 0.03729819516634976 0.007639717046010243; 0.03729819516634976 0.15978494620707429 0.018443908505170657; 0.007639717046010243 0.018443908505170657 0.010000000000000002]\n",
      "[0.5829269723640851 -0.03975286490486617 0.005136674212632201; -0.03975286490486617 0.12199785634154536 0.01917032914347194; 0.005136674212632201 0.01917032914347194 0.010000000000000002]\n",
      "[0.06978782034734624 0.0016431251837545902 0.0001266021193421828; 0.0016431251837545832 0.3515682086593982 -0.0004724855417309289; 0.0001266021193421828 -0.0004724855417309289 0.010000000000000002]\n",
      "[0.21067801450337253 0.013199536579525044 -0.005155777827424253; 0.013199536579525044 0.21067801450337187 0.005155777827424232; -0.005155777827424253 0.005155777827424232 0.010000000000000002]\n",
      "[0.22415719543251206 -0.03847031787176424 -0.0071442303974477124; -0.03847031787176424 0.19719883357423243 0.005481960792301262; -0.0071442303974477124 0.005481960792301262 0.010000000000000002]\n",
      "[0.1952439129830518 -0.02206734675988277 0.0017422556446299343; -0.02206734675988277 0.4145494280247521 -0.0030176752962727013; 0.0017422556446299343 -0.0030176752962727013 0.010000000000000002]\n"
     ]
    },
    {
     "name": "stdout",
     "output_type": "stream",
     "text": [
      "[0.24424539074636964 0.025014067243933014 0.0006536063233312118; 0.025014067243933014 0.3655479502614343 -0.0008517963444146853; 0.0006536063233312118 -0.0008517963444146853 0.010000000000000002]\n",
      "[0.19276690558804996 0.25843683699879255 -0.0010061787989665838; 0.25843683699879255 0.7117605283165113 0.007642686750387294; -0.0010061787989665838 0.007642686750387294 0.010000000000000002]\n",
      "[0.2521044205467537 -0.06868031942493094 0.01669013792033701; -0.06868031942493096 0.4778110372875319 0.009636055621118496; 0.01669013792033701 0.009636055621118496 0.010000000000000002]\n",
      "[0.5221751327347479 -0.1181148660808023 0.007350636049609621; -0.1181148660808023 0.20774032509953755 0.017746005243036156; 0.007350636049609621 0.017746005243036156 0.010000000000000002]\n",
      "[0.46686738807864103 -0.28601127099718415 0.011273769086538312; -0.28601127099718415 0.2630480697556445 -0.001484219857466381; 0.011273769086538312 -0.001484219857466381 0.010000000000000002]\n",
      "[0.24185529424746302 -0.16220497240648485 0.016876553639873535; -0.16220497240648485 0.4880601635868225 0.006990497403752595; 0.016876553639873535 0.006990497403752595 0.010000000000000002]\n",
      "[0.4373229581472143 0.027736485672740924 0.012338625478434976; 0.027736485672740924 0.2925924996870713 0.016080009789481445; 0.012338625478434976 0.016080009789481445 0.010000000000000002]\n",
      "[0.2418552942474631 -0.16220497240648574 0.01687655363987353; -0.16220497240648574 0.4880601635868225 0.00699049740375257; 0.01687655363987353 0.00699049740375257 0.010000000000000002]\n",
      "[0.4668673880786395 -0.2860112709971857 0.0021979127636612746; -0.2860112709971857 0.2630480697556461 0.01669480491399124; 0.0021979127636612746 0.01669480491399124 0.010000000000000002]\n",
      "[0.39907269806506995 -0.32130227101466574 0.013471681850199601; -0.32130227101466574 0.3308427597692156 -4.5102810375396984e-17; 0.013471681850199601 -4.5102810375396984e-17 0.010000000000000002]\n",
      "[0.4948685218614942 -0.03049716729133274 0.00995429699523716; -0.030497167291332755 0.2350469359727914 0.017241348149380997; 0.00995429699523716 0.017241348149380997 0.010000000000000002]\n",
      "[0.25210442054675347 -0.06868031942493164 0.016690137920337012; -0.06868031942493164 0.4778110372875321 0.009636055621118477; 0.016690137920337012 0.009636055621118477 0.010000000000000002]\n",
      "[0.49486852186149294 -0.030497167291330604 0.00995429699523723; -0.030497167291330604 0.23504693597279264 0.01724134814938097; 0.00995429699523723 0.01724134814938097 0.010000000000000002]\n",
      "[0.43732295814721234 0.02773648567274198 0.012338625478435039; 0.02773648567274198 0.29259249968707324 0.016080009789481403; 0.012338625478435039 0.016080009789481403 0.010000000000000002]\n",
      "[0.3267074688349988 -0.30805632416002726 0.015210558186318779; -0.30805632416002726 0.4032079889992868 0.002002507974927223; 0.015210558186318779 0.002002507974927223 0.010000000000000002]\n",
      "[0.2971630389035701 0.005691432509899397 0.015825353310828644; 0.005691432509899397 0.4327524189307154 0.012143220689700947; 0.015825353310828644 0.012143220689700947 0.010000000000000002]\n",
      "[0.269161905120718 -0.2498226711959548 0.01637189654621835; -0.2498226711959548 0.4607535527135675 0.004386836458125032; 0.01637189654621835 0.004386836458125032 0.010000000000000002]\n",
      "[0.36495772891714123 0.040982432527380624 0.014341133453362308; 0.040982432527380624 0.36495772891714434 0.014341133453362229; 0.014341133453362308 0.014341133453362229 0.010000000000000002]\n",
      "[0.2691619051207176 -0.24982267119595403 0.01637189654621836; -0.24982267119595403 0.46075355271356794 0.004386836458125058; 0.01637189654621836 0.004386836458125058 0.010000000000000002]\n",
      "[0.5119260064354565 -0.21163951906235604 0.00470507783224372; -0.21163951906235604 0.21798945139882903 0.017559589523499616; 0.00470507783224372 0.017559589523499616 0.010000000000000002]\n",
      "[0.1025929103298179 -0.003249152580317584 -0.005942435542656556; -0.003249152580317584 0.06960135693081804 0.00774433277566337; -0.005942435542656556 0.00774433277566337 0.010000000000000002]\n",
      "[0.0693025152503676 -0.004690553785018599 0.0006843316172245604; -0.004690553785018599 0.10289175201026834 0.0008918383270045006; 0.0006843316172245604 0.0008918383270045006 0.010000000000000002]\n",
      "[0.06737077226109901 0.06982994273921891 0.0007669535392446193; 0.06982994273921891 0.10482349499953693 0.005825590499986436; 0.0007669535392446193 0.005825590499986436 0.010000000000000002]\n",
      "[0.11827223637490947 0.03473179628415141 -0.003464490217524411; 0.03473179628415141 0.05392203088572646 0.008364019269856261; -0.003464490217524411 0.008364019269856261 0.010000000000000002]\n",
      "[0.06737077226109886 0.0698299427392188 0.0007669535392446254; 0.06982994273921879 0.10482349499953705 0.005825590499986424; 0.0007669535392446254 0.005825590499986424 0.010000000000000002]\n",
      "[0.0693025152503671 -0.004690553785018252 -0.00777855589631344; -0.004690553785018245 0.10289175201026882 0.005968695866744135; -0.00777855589631344 0.005968695866744135 0.010000000000000002]\n",
      "[0.05670915962206349 0.010529890654927383 0.0011971423778868538; 0.010529890654927383 0.11548510763857245 0.0020735114223938466; 0.0011971423778868538 0.0020735114223938466 0.010000000000000002]\n",
      "[0.11436981530371296 0.01302647077556052 -0.00474425451743132; 0.01302647077556052 0.05782445195692297 0.008217289868229144; -0.00474425451743132 0.008217289868229144 0.010000000000000002]\n",
      "[0.08386654896059915 0.07631482380786384 7.806255641895632e-18; 0.07631482380786384 0.08832771830003677 0.006860534193748664; 7.806255641895632e-18 0.006860534193748664 0.010000000000000002]\n",
      "[0.11436981530371322 0.013026470775561145 -0.00474425451743128; 0.013026470775561145 0.057824451956922714 0.008217289868229153; -0.00474425451743128 0.008217289868229153 0.010000000000000002]\n",
      "[0.11827223637490944 0.03473179628415212 -0.0034644902175243707; 0.03473179628415212 0.05392203088572648 0.00836401926985626; -0.0034644902175243707 0.00836401926985626 0.010000000000000002]\n",
      "[0.051691446216007825 0.0318489938747494 0.0013866400334374947; 0.0318489938747494 0.12050282104462809 0.0033476451748542715; 0.0013866400334374947 0.0033476451748542715 0.010000000000000002]\n",
      "[0.1006611673405498 0.07127134394392015 -0.001008683369674602; 0.07127134394392015 0.07153309992008614 0.00766171085364333; -0.001008683369674602 0.00766171085364333 0.010000000000000002]\n",
      "[0.05559386728720403 0.053554319383340404 0.00123991063181039; 0.053554319383340404 0.11660039997343191 0.0046274094747611825; 0.00123991063181039 0.0046274094747611825 0.010000000000000002]\n",
      "[0.11325452296885383 0.05605089950397413 -0.002190356465063946; 0.056050899503974135 0.058939744291782094 0.00817452161430562; -0.002190356465063946 0.00817452161430562 0.010000000000000002]\n",
      "[0.05559386728720411 0.05355431938334062 0.0012399106318103864; 0.05355431938334062 0.1166003999734318 0.004627409474761196; 0.0012399106318103864 0.004627409474761196 0.010000000000000002]\n",
      "[0.08609713363031753 -0.009734033648962241 -0.006977379236418788; -0.009734033648962241 0.0860971336303184 0.006977379236418743; -0.006977379236418788 0.006977379236418743 0.010000000000000002]\n",
      "[0.08376296335878447 -0.06339932478769399 0.0065145682278180544; -0.063399324787694 0.08108064863118397 0.001745573295681271; 0.0065145682278180544 0.001745573295681271 0.010000000000000002]\n",
      "[0.08242180599498397 0.00795900492065502 0.006573191506128343; 0.007959004920655016 0.08242180599498448 0.006573191506128312; 0.006573191506128343 0.006573191506128312 0.010000000000000002]\n",
      "[0.13090903443769214 -0.026219070618884028 0.0024216631352639607; -0.02621907061888403 0.0339345775522763 0.009037769859621654; 0.0024216631352639607 0.009037769859621654 0.010000000000000002]\n",
      "[0.08242180599498379 0.007959004920654874 0.00657319150612835; 0.00795900492065487 0.08242180599498465 0.006573191506128298; 0.00657319150612835 0.006573191506128298 0.010000000000000002]\n",
      "[0.08376296335878408 -0.06339932478769371 -0.0017884885139106605; -0.06339932478769372 0.08108064863118436 0.006674730002667953; -0.0017884885139106605 0.006674730002667953 0.010000000000000002]\n",
      "[0.07181147110184623 -0.04868582658154234 0.007010988144974854; -0.04868582658154234 0.0930321408881222 0.002904046375285541; 0.007010988144974854 0.002904046375285541 0.010000000000000002]\n",
      "[0.1270253823241431 -0.046952517941777155 0.0011701860601478742; -0.046952517941777155 0.03781822966582536 0.008888445579021865; 0.0011701860601478742 0.008888445579021865 0.010000000000000002]\n",
      "[0.09825695036547083 0.01397895403739648 0.005818134348169061; 0.013978954037396477 0.06658666162449761 0.007582340305132789; 0.005818134348169061 0.007582340305132789 0.010000000000000002]\n",
      "[0.12702538232414326 -0.046952517941776684 0.0011701860601479046; -0.04695251794177669 0.03781822966582516 0.008888445579021874; 0.0011701860601479046 0.008888445579021874 0.010000000000000002]\n",
      "[0.1309090344376921 -0.026219070618883494 0.002421663135263992; -0.026219070618883497 0.033934577552276315 0.009037769859621654; 0.002421663135263992 0.009037769859621654 0.010000000000000002]\n",
      "[0.06715350142328147 -0.0282205230383983 0.007190658067400733; -0.028220523038398303 0.09769011056668697 0.0041515283708643295; 0.007190658067400733 0.0041515283708643295 0.010000000000000002]\n",
      "[0.11429957250218926 0.00895973113041226 0.00482761821044705; 0.008959731130412256 0.05054403948777918 0.00836168002003898; 0.00482761821044705 0.00836168002003898 0.010000000000000002]\n",
      "[0.07103715353683027 -0.007487075715505054 0.0070413337868009546; -0.007487075715505057 0.09380645845313818 0.00540300544598042; 0.0070413337868009546 0.00540300544598042 0.010000000000000002]\n",
      "[0.12625106475912742 -0.0057537670757394355 0.0036691451308427814; -0.005753767075739439 0.038592547230841004 0.008858099937195777; 0.0036691451308427814 0.008858099937195777 0.010000000000000002]\n",
      "[0.07103715353683038 -0.007487075715504811 0.007041333786800949; -0.007487075715504814 0.09380645845313806 0.0054030054459804355; 0.007041333786800949 0.0054030054459804355 0.010000000000000002]\n",
      "[0.09980558549550228 -0.06841854769467812 -0.0010091487990044829; -0.06841854769467812 0.06503802649446615 0.007665246140389955; -0.0010091487990044829 0.007665246140389955 0.010000000000000002]\n",
      "[0.008667758229460929 0.004182881605672373 -0.001048925238110777; 0.004182881605672373 0.009786933118687542 0.001816791805749143; -0.001048925238110777 0.001816791805749143 0.010000000000000002]\n"
     ]
    },
    {
     "name": "stdout",
     "output_type": "stream",
     "text": [
      "[0.006453772830465144 -0.003278392406858714 -0.002637330749683275; -0.003278392406858715 0.012000918517683326 0.0015226636182716997; -0.002637330749683275 0.0015226636182716997 0.010000000000000002]\n",
      "[0.008667758229460917 0.004182881605672393 -0.0010489252381107729; 0.004182881605672392 0.009786933118687554 0.0018167918057491413; -0.0010489252381107729 0.0018167918057491413 0.010000000000000002]\n",
      "[0.002561025097629571 0.002930245999462599 -0.003176811023144978; 0.002930245999462599 0.015893666250518898 -1.2902005852577503e-17; -0.003176811023144978 -1.2902005852577503e-17 0.010000000000000002]\n",
      "[0.0036467064344119183 0.004862804121282684 -0.0001302495819453667; 0.004862804121282684 0.014807984913736551 0.0009893437977422496; -0.0001302495819453667 0.0009893437977422496 0.010000000000000002]\n",
      "[0.004615940319759761 -0.0030295234935402825 -0.002919557855982894; -0.0030295234935402825 0.013838751028388711 0.0012093204600810146; -0.002919557855982894 0.0012093204600810146 0.010000000000000002]\n",
      "[0.009419909403383941 0.002001454570533849 -0.0014614019263557614; 0.0020014545705338486 0.009034781944764531 0.0019045360703458442; -0.0014614019263557614 0.0019045360703458442 0.010000000000000002]\n",
      "[0.004615940319759816 -0.0030295234935403094 -0.0029195578559828867; -0.0030295234935403094 0.013838751028388656 0.0012093204600810256; -0.0029195578559828867 0.0012093204600810256 0.010000000000000002]\n",
      "[0.0064537728304652035 -0.0032783924068587036 -0.0026373307496832653; -0.0032783924068587036 0.012000918517683269 0.0015226636182717086; -0.0026373307496832653 0.0015226636182717086 0.010000000000000002]\n",
      "[0.005334597941238574 0.005834882539042846 -0.00035987008077821244; 0.005834882539042846 0.013120093406909896 0.0013430534255882052; -0.00035987008077821244 0.0013430534255882052 0.010000000000000002]\n",
      "[0.009227345674074234 -0.00037375586727839876 -0.0018825336990499252; -0.000373755867278399 0.009227345674074239 0.0018825336990499217; -0.0018825336990499252 0.0018825336990499217 0.010000000000000002]\n",
      "[0.007172430451943964 0.005586013625724458 -0.0006732132389688954; 0.005586013625724458 0.011282260896204507 0.0016252805318878272; -0.0006732132389688954 0.0016252805318878272 0.010000000000000002]\n",
      "[0.008141664337291861 -0.002306313989098548 -0.0022836211218373098; -0.002306313989098548 0.010313027010856611 0.0017522841171045548; -0.0022836211218373098 0.0017522841171045548 0.010000000000000002]\n",
      "[0.007172430451943984 0.005586013625724449 -0.0006732132389688993; 0.005586013625724449 0.011282260896204486 0.0016252805318878296; -0.0006732132389688993 0.0016252805318878296 0.010000000000000002]\n",
      "[0.0023684613683198374 0.0005550355616503763 -0.0031988133944409036; 0.0005550355616503762 0.016086229979828635 0.00042113177269414683; -0.0031988133944409036 0.00042113177269414683 0.010000000000000002]\n",
      "[0.058461877965331546 0.0053058278836361945 -0.003406197568171777; 0.0053058278836361945 0.02869304672078128 0.00589970724869103; -0.003406197568171777 0.00589970724869103 0.010000000000000002]\n",
      "[0.04474853651045459 0.03862456861945125 6.938893903907228e-18; 0.03862456861945125 0.04240638817565824 0.005050142008758158; 6.938893903907228e-18 0.005050142008758158 0.010000000000000002]\n",
      "[0.029278583804480222 0.006616551715735192 -0.005845041432211727; 0.006616551715735192 0.0578763408816326 0.003374636244311937; -0.005845041432211727 0.003374636244311937 0.010000000000000002]\n",
      "[0.02731401668714798 0.017605729496902815 0.001071174000651872; 0.017605729496902815 0.05984090799896484 0.0025860428000351863; 0.001071174000651872 0.0025860428000351863 0.010000000000000002]\n",
      "[0.05208040080721785 -0.002387601193274601 -0.004246655920338451; -0.0023876011932745973 0.035074523878894974 0.005534349745111357; -0.004246655920338451 0.005534349745111357 0.010000000000000002]\n",
      "[0.05309458078590055 0.03532881991519429 -0.0007366380556465863; 0.03532881991519429 0.03406034390021227 0.005595321540767476; -0.0007366380556465863 0.005595321540767476 0.010000000000000002]\n",
      "[0.05208040080721807 -0.002387601193274448 -0.004246655920338429; -0.002387601193274448 0.03507452387889476 0.005534349745111371; -0.004246655920338429 0.005534349745111371 0.010000000000000002]\n",
      "[0.058461877965331685 0.005305827883636469 -0.003406197568171752; 0.00530582788363647 0.028693046720781146 0.005899707248691037; -0.003406197568171752 0.005899707248691037 0.010000000000000002]\n",
      "[0.02986412088817939 0.02839213759557859 0.0009357923802719905; 0.02839213759557859 0.057290803797933436 0.003492424708510863; 0.0009357923802719905 0.003492424708510863 0.010000000000000002]\n",
      "[0.059047415049030785 0.02708141376348014 -0.001589278624107093; 0.02708141376348014 0.028107509637082046 0.005931268572550838; -0.001589278624107093 0.005931268572550838 0.010000000000000002]\n",
      "[0.03624559804629299 0.036085566672489536 0.0005704348766923245; 0.036085566672489536 0.050909326639819834 0.004332883060677541; 0.0005704348766923245 0.004332883060677541 0.010000000000000002]\n",
      "[0.06101198216636311 0.016092235982312224 -0.0024998156596960763; 0.016092235982312224 0.026142942519749714 0.00603508886907092; -0.0024998156596960763 0.00603508886907092 0.010000000000000002]\n",
      "[0.03624559804629308 0.036085566672489605 0.0005704348766923193; 0.036085566672489605 0.05090932663981975 0.00433288306067755; 0.0005704348766923193 0.00433288306067755 0.010000000000000002]\n",
      "[0.03523141806761031 -0.00163085443597899 -0.0055090944004283745; -0.00163085443597899 0.051923506618502514 0.004227276812772438; -0.0055090944004283745 0.004227276812772438 0.010000000000000002]\n",
      "[0.02620209028800756 -0.003411027352981877 0.002263293239444616; -0.0034110273529818786 0.013551619502467877 0.003920138883145189; 0.002263293239444616 0.003920138883145189 0.010000000000000002]\n",
      "[0.012926805864739589 -0.0020123830170557643 -0.0005200179301065252; -0.002012383017055765 0.026826903925735855 0.0009006974757913041; -0.0005200179301065252 0.0009006974757913041 0.010000000000000002]\n",
      "[0.015960901222741675 0.0013177380742484326 0.0037466582747218025; 0.001317738074248431 0.023792808567733765 0.0028749120089287053; 0.0037466582747218025 0.0028749120089287053 0.010000000000000002]\n",
      "[0.014878692256934573 -0.01583920846108619 -0.00035650742195545457; -0.015839208461086194 0.024875017533540864 0.00270794271653519; -0.00035650742195545457 0.00270794271653519 0.010000000000000002]\n",
      "[0.026916530292852146 -0.008471996719190055 0.0016468755434282853; -0.008471996719190057 0.012837179497623294 0.003975909272485079; 0.0016468755434282853 0.003975909272485079 0.010000000000000002]\n",
      "[0.014878692256934656 -0.015839208461086267 -0.0003565074219554476; -0.015839208461086267 0.02487501753354078 0.0027079427165352036; -0.0003565074219554476 0.0027079427165352036 0.010000000000000002]\n",
      "[0.018627227619781375 -0.01757005673599015 1.0625181290357943e-17; -0.01757005673599015 0.021126482170694065 0.003213890905957675; 1.0625181290357943e-17 0.003213890905957675 0.010000000000000002]\n",
      "[0.019876854895237592 0.0022410786653048777 0.003350220762316918; 0.002241078665304876 0.01987685489523785 0.0033502207623168903; 0.003350220762316918 0.0033502207623168903 0.010000000000000002]\n",
      "[0.025577276650279444 -0.013316595053629435 0.0010370273321505552; -0.013316595053629435 0.014176433140195992 0.0038702386924234318; 0.0010370273321505552 0.0038702386924234318 0.010000000000000002]\n",
      "[0.023625390258084317 0.0005102303904010123 0.0028442725728944477; 0.0005102303904010105 0.016128319532391123 0.0037067281842723494; 0.0028442725728944477 0.0037067281842723494 0.010000000000000002]\n",
      "[0.022543181292277288 -0.016646716144933724 0.00047530875338819495; -0.016646716144933724 0.017210528498198145 0.0036103284183625593; 0.00047530875338819495 0.0036103284183625593 0.010000000000000002]\n",
      "[0.023625390258084362 0.0005102303904009706 0.0028442725728944403; 0.0005102303904009689 0.016128319532391078 0.0037067281842723537; 0.0028442725728944403 0.0037067281842723537 0.010000000000000002]\n",
      "[0.011587552222166859 -0.006856981351495069 -0.000625688510168175; -0.006856981351495071 0.028166157568308578 0.001510545687069027; -0.000625688510168175 0.001510545687069027 0.010000000000000002]\n",
      "[0.14816133170627047 -0.07936503946934216 -0.010703269021225925; -0.07936503946934216 0.2161678358315195 0.006179535250613714; -0.010703269021225925 0.006179535250613714 0.010000000000000002]\n",
      "[0.11312060837582885 -0.09248108601182585 -0.0021531804523377716; -0.09248108601182584 0.25120855916196116 -0.005198237450270482; -0.0021531804523377716 -0.005198237450270482 0.010000000000000002]\n",
      "[0.17201596857086465 0.0457009383707862 -0.005249877565692533; 0.045700938370786204 0.19231319896692528 0.00684177364792027; -0.005249877565692533 0.00684177364792027 0.010000000000000002]\n",
      "[0.049973611858181874 0.04252851131842649 -0.00022587718472186994; 0.04252851131842649 0.3143555556796081 0.001715707554821922; -0.00022587718472186994 0.001715707554821922 0.010000000000000002]\n",
      "[0.17201596857086413 0.045700938370787356 -0.0052498775656924825; 0.04570093837078735 0.19231319896692584 0.006841773647920255; -0.0052498775656924825 0.006841773647920255 0.010000000000000002]\n",
      "[0.14570664833091534 0.07836221686693189 -0.003526088187917514; 0.07836221686693187 0.21862251920687464 0.006107363893441597; -0.003526088187917514 0.006107363893441597 0.010000000000000002]\n",
